[[0.0, 22], [0.0, 23], [0.0, 24], [0.0, 25], [0.0, 26], [0.0, 27], [0.0, 28], [0.0, 29], [0.0, 30], [0.0, 31], [0.0, 32], [0.0, 33], [0.0, 34], [0.0, 35], [0.0, 36], [0.0, 37], [0.0, 38], [0.0, 39], [0.0, 40], [0.0, 41], [0.0, 83], [0.0, 84], [0.0, 85], [0.0, 86], [0.0, 87], [0.0, 88], [0.0, 89], [0.0, 90], [0.0, 91], [0.0, 92], [0.0, 93], [0.0, 94], [0.0, 95], [0.0, 96], [0.0, 97], [0.0, 98], [0.0, 99], [0.0, 100], [0.0, 101], [0.0, 102], [0.0, 103], [0.0, 104], [0.0, 105], [0.0, 106], [0.0, 107], [0.0, 108], [0.0, 144], [0.0, 145], [0.0, 146], [0.0, 147], [0.0, 148], [0.0, 149], [0.0, 150], [0.0, 151], [0.0, 152], [0.0, 153], [0.0, 154], [0.0, 155], [0.0, 156], [0.0, 157], [0.0, 158], [0.0, 159], [0.0, 160], [0.0, 161], [0.0, 162], [0.0, 163], [0.0, 164], [0.0, 165], [0.0, 166], [0.0, 167], [0.0, 168], [0.0, 169], [0.0, 170], [0.0, 171], [0.0, 172], [0.0, 173], [0.0, 174], [0.0, 206], [0.0, 207], [0.0, 208], [0.0, 209], [0.0, 210], [0.0, 211], [0.0, 212], [0.0, 213], [0.0, 214], [0.0, 215], [0.0, 216], [0.0, 217], [0.0, 218], [0.0, 219], [0.0, 220], [0.0, 221], [0.0, 222], [0.0, 223], [0.0, 224], [0.0, 225], [0.0, 226], [0.0, 227], [0.0, 228], [0.0, 229], [0.0, 230], [0.0, 231], [0.0, 232], [0.0, 233], [0.0, 234], [0.0, 235], [0.0, 236], [0.0, 237], [0.0, 238], [0.0, 239], [0.0, 240], [0.0, 241], [0.0, 268], [0.0, 269], [0.0, 270], [0.0, 271], [0.0, 272], [0.0, 273], [0.0, 274], [0.0, 275], [0.0, 276], [0.0, 277], [0.0, 278], [0.0, 279], [0.0, 280], [0.0, 281], [0.0, 282], [0.0, 283], [0.0, 284], [0.0, 285], [0.0, 286], [0.0, 287], [0.0, 288], [0.0, 289], [0.0, 290], [0.0, 291], [0.0, 292], [0.0, 293], [0.0, 294], [0.0, 295], [0.0, 296], [0.0, 297], [0.0, 298], [0.0, 299], [0.0, 300], [0.0, 301], [0.0, 302], [0.0, 303], [0.0, 304], [0.0, 305], [0.0, 306], [0.0, 307], [0.0, 330], [0.0, 331], [0.0, 332], [0.0, 333], [0.0, 334], [0.0, 335], [0.0, 336], [0.0, 337], [0.0, 338], [0.0, 339], [0.0, 340], [0.0, 341], [0.0, 342], [0.0, 343], [0.0, 344], [0.0, 345], [0.0, 346], [0.0, 347], [0.0, 348], [0.0, 349], [0.0, 350], [0.0, 351], [0.0, 352], [0.0, 353], [0.0, 354], [0.0, 355], [0.0, 356], [0.0, 357], [0.0, 358], [0.0, 359], [0.0, 360], [0.0, 361], [0.0, 362], [0.0, 363], [0.0, 364], [0.0, 365], [0.0, 366], [0.0, 367], [0.0, 368], [0.0, 369], [0.0, 370], [0.0, 371], [0.0, 372], [0.0, 392], [0.0, 393], [0.0, 394], [0.0, 395], [0.0, 396], [0.0, 397], [0.0, 398], [0.0, 399], [0.0, 400], [0.0, 401], [0.0, 402], [0.0, 403], [0.0, 404], [0.0, 405], [0.0, 406], [0.0, 407], [0.0, 408], [0.0, 409], [0.0, 410], [0.0, 411], [0.0, 412], [0.0, 413], [0.0, 414], [0.0, 415], [0.0, 416], [0.0, 417], [0.0, 418], [0.0, 419], [0.0, 420], [0.0, 421], [0.0, 422], [0.0, 423], [0.0, 424], [0.0, 425], [0.0, 426], [0.0, 427], [0.0, 428], [0.0, 429], [0.0, 430], [0.0, 431], [0.0, 432], [0.0, 433], [0.0, 434], [0.0, 435], [0.0, 436], [0.0, 437], [0.0, 438], [0.0, 455], [0.0, 456], [0.0, 457], [0.0, 458], [0.0, 459], [0.0, 460], [0.0, 461], [0.0, 462], [0.0, 463], [0.0, 464], [0.0, 465], [0.0, 466], [0.0, 467], [0.0, 468], [0.0, 469], [0.0, 470], [0.0, 471], [0.0, 472], [0.0, 473], [0.0, 474], [0.0, 475], [0.0, 476], [0.0, 477], [0.0, 478], [0.0, 479], [0.0, 480], [0.0, 481], [0.0, 482], [0.0, 483], [0.0, 484], [0.0, 485], [0.0, 486], [0.0, 487], [0.0, 488], [0.0, 489], [0.0, 490], [0.0, 491], [0.0, 492], [0.0, 493], [0.0, 494], [0.0, 495], [0.0, 496], [0.0, 497], [0.0, 498], [0.0, 499], [0.0, 500], [0.0, 501], [0.0, 502], [0.0, 503], [0.0, 504], [0.0, 518], [0.0, 519], [0.0, 520], [0.0, 521], [0.0, 522], [0.0, 523], [0.0, 524], [0.0, 525], [0.0, 526], [0.0, 527], [0.0, 528], [0.0, 529], [0.0, 530], [0.0, 531], [0.0, 532], [0.0, 533], [0.0, 534], [0.0, 535], [0.0, 536], [0.0, 537], [0.0, 538], [0.0, 539], [0.0, 540], [0.0, 541], [0.0, 542], [0.0, 543], [0.0, 544], [0.0, 545], [0.0, 546], [0.0, 547], [0.0, 548], [0.0, 549], [0.0, 550], [0.0, 551], [0.0, 552], [0.0, 553], [0.0, 554], [0.0, 555], [0.0, 556], [0.0, 558], [0.0, 559], [0.0, 560], [0.0, 561], [0.0, 562], [0.0, 563], [0.0, 564], [0.0, 565], [0.0, 566], [0.0, 567], [0.0, 568], [0.0, 569], [0.0, 580], [0.0, 581], [0.0, 582], [0.0, 583], [0.0, 584], [0.0, 585], [0.0, 586], [0.0, 587], [0.0, 588], [0.0, 589], [0.0, 590], [0.0, 591], [0.0, 592], [0.0, 593], [0.0, 594], [0.0, 595], [0.0, 596], [0.0, 597], [0.0, 598], [0.0, 599], [0.0, 1951], [0.0, 1952], [0.0, 2015], [0.0, 2016], [0.0, 2189], [134.61981566820282, 2078], [438.76008294930887, 2282]]
[[305.1382488479262, 2266]]
[]
[[260.2649769585254, 2203]]
[]
[]
[]
[]
[]
[[224.36635944700456, 2140]]
[[341.0368663594469, 2265]]
[]
[]
[]
[[179.4930875576037, 2077]]
[[287.18894009216575, 2202]]
[]
[]
[[350.0115207373272, 2264]]
[]
[]
[[246.8029953917051, 2139], [314.1129032258063, 2201]]
[]
[[376.9354838709677, 2263]]
[]
[]
[]
[]
[[418.81660599078344, 2262]]
[[344.0290161290323, 2200]]
[[125.64516129032249, 2014]]
[[201.929723502304, 2076], [269.23963133640547, 2138]]
[]
[[443.12355990783396, 2261]]
[[364.59533410138243, 2199], [471.1693548387096, 2260]]
[]
[]
[]
[[299.1557442396312, 2137], [508.56314976958515, 2259]]
[[397.4497488479262, 2198], [538.4792626728109, 2258]]
[]
[[233.34101382488473, 2075], [430.7834101382487, 2197]]
[[336.54953917050676, 2136], [572.1342165898617, 2257]]
[[613.2686474654378, 2256]]
[[0.0, 2255], [459.9510368663593, 2196]]
[[0.0, 2254], [493.6059907834101, 2195]]
[[0.0, 2253], [358.98617511520735, 2135]]
[[0.0, 2240], [0.0, 2241], [0.0, 2251], [0.0, 2252]]
[[0.0, 2242], [0.0, 2243], [0.0, 2244], [0.0, 2247], [0.0, 2248], [0.0, 2249], [0.0, 2250], [532.870103686636, 2194]]
[[0.0, 2245], [0.0, 2246], [381.4228110599077, 2134], [574.3778801843318, 2193]]
[[258.0213133640553, 2074], [605.7891705069123, 2192]]
[[0.0, 1999], [0.0, 2176], [0.0, 2177], [0.0, 2178], [0.0, 2191], [418.81660599078344, 2133]]
[[0.0, 2179], [0.0, 2180], [0.0, 2181], [0.0, 2187], [0.0, 2188], [0.0, 2190], [161.54377880184322, 2013]]
[[0.0, 2182], [0.0, 2183], [0.0, 2184], [0.0, 2185], [0.0, 2186], [287.18894009216575, 2073], [448.732718894009, 2132]]
[[0.0, 2112]]
[[0.0, 2113], [0.0, 2114], [493.6059907834101, 2131]]
[[0.0, 2115], [0.0, 2116], [527.2609447004608, 2130]]
[[0.0, 2117], [0.0, 2118], [0.0, 2119], [556.4285714285714, 2129], [605.7891705069123, 2128]]
[[0.0, 2048], [0.0, 2049], [0.0, 2120], [0.0, 2121], [0.0, 2122], [0.0, 2123], [0.0, 2124], [0.0, 2125], [0.0, 2126], [0.0, 2127], [323.0875576036866, 2072]]
[[0.0, 2050], [350.0115207373272, 2071]]
[[0.0, 2051], [0.0, 2052]]
[[0.0, 1984], [0.0, 2053], [197.442396313364, 2012], [376.9354838709677, 2070]]
[[0.0, 1985], [0.0, 2054], [0.0, 2055]]
[[0.0, 1986], [0.0, 1987], [0.0, 2056], [0.0, 2057], [412.8341013824883, 2069], [448.732718894009, 2068]]
[[0.0, 1988], [0.0, 2058], [0.0, 2059], [0.0, 2060], [0.0, 2061], [0.0, 2062], [493.6059907834101, 2067], [560.9158986175114, 2065]]
[[0.0, 1920], [0.0, 2063], [520.5299539170506, 2066], [605.7891705069123, 2064]]
[[0.0, 1921], [0.0, 1989]]
[[0.0, 1922], [0.0, 1990], [0.0, 1991]]
[[0.0, 1856], [0.0, 1923], [0.0, 1924], [0.0, 1992], [0.0, 1993], [224.36635944700456, 2011]]
[[0.0, 1994], [0.0, 1995]]
[[0.0, 1857], [0.0, 1925], [0.0, 1996], [254.2824723502303, 2010]]
[[0.0, 1858], [0.0, 1926], [0.0, 1997], [0.0, 1998], [287.18894009216575, 2009]]
[[0.0, 1792], [0.0, 1859], [0.0, 1927], [314.1129032258063, 2008], [598.309693548387, 2000]]
[[0.0, 1793], [0.0, 1860], [0.0, 1861], [0.0, 1928], [0.0, 1929], [347.7678571428572, 2007], [418.81660599078344, 2005], [448.732718894009, 2004], [520.5299539170506, 2002], [560.9158986175114, 2001]]
[[0.0, 1794], [0.0, 1930], [376.9354838709677, 2006], [493.6059907834101, 2003]]
[[0.0, 1862], [0.0, 1931]]
[[0.0, 1728], [0.0, 1795], [0.0, 1863], [0.0, 1932]]
[[0.0, 1729], [0.0, 1796], [0.0, 1933]]
[[0.0, 1730], [0.0, 1797], [0.0, 1864], [0.0, 1934]]
[[0.0, 1664], [0.0, 1798], [0.0, 1865], [0.0, 1866], [0.0, 1935]]
[[0.0, 1731], [605.7891705069123, 1936]]
[[0.0, 1665], [0.0, 1732], [0.0, 1799], [0.0, 1867], [520.5299539170506, 1938], [560.9158986175114, 1937]]
[[0.0, 1666], [0.0, 1868]]
[[0.0, 1600], [0.0, 1667], [0.0, 1733], [0.0, 1800], [0.0, 1801], [0.0, 1869], [493.6059907834101, 1939]]
[[0.0, 1601], [0.0, 1734], [418.81660599078344, 1941], [448.732718894009, 1940]]
[[0.0, 1668], [0.0, 1802], [0.0, 1870]]
[[0.0, 1536], [0.0, 1602], [0.0, 1735], [0.0, 1871]]
[[0.0, 1669], [0.0, 1736], [0.0, 1803], [381.4228110599077, 1942]]
[[0.0, 1537], [0.0, 1603], [0.0, 1670], [0.0, 1737], [0.0, 1804], [350.0115207373272, 1943], [568.3953755760368, 1873], [610.2764976958525, 1872]]
[[0.0, 1538], [0.0, 1604], [314.1129032258063, 1944]]
[[0.0, 1472], [0.0, 1671], [0.0, 1738], [0.0, 1805], [287.18894009216575, 1945], [535.6755806451613, 1874]]
[[0.0, 1605], [0.0, 1806]]
[[0.0, 1473], [0.0, 1539], [0.0, 1672], [224.36635944700456, 1947], [254.2824723502303, 1946], [493.6059907834101, 1875]]
[[0.0, 1408], [0.0, 1474], [0.0, 1606], [0.0, 1673], [0.0, 1739], [0.0, 1740], [0.0, 1807]]
[[0.0, 1540], [457.70737327188925, 1876]]
[[0.0, 1409], [0.0, 1475], [0.0, 1541], [0.0, 1607], [194.45024654377875, 1948], [622.6166474654377, 1808]]
[[0.0, 1674], [0.0, 1741], [426.29608294930864, 1877]]
[[0.0, 1344], [0.0, 1410], [0.0, 1476], [0.0, 1608], [583.3525345622119, 1809]]
[[0.0, 1542], [0.0, 1609], [0.0, 1675], [0.0, 1742]]
[[0.0, 1345], [0.0, 1411], [0.0, 1477], [0.0, 1543], [388.9022880184332, 1878], [538.4792626728109, 1810]]
[[0.0, 1280], [0.0, 1346], [0.0, 1676], [0.0, 1743], [157.0564516129032, 1949]]
[[0.0, 1412], [0.0, 1478], [0.0, 1610], [358.98617511520735, 1879], [508.56314976958515, 1811]]
[[0.0, 1281], [0.0, 1544], [0.0, 1677], [633.834965437788, 1744]]
[[0.0, 1216], [0.0, 1347], [0.0, 1413], [0.0, 1479], [0.0, 1545], [0.0, 1611], [323.0875576036866, 1880]]
[[0.0, 1282], [0.0, 1678], [463.6898778801843, 1812], [598.309693548387, 1745]]
[[0.0, 1217], [0.0, 1348]]
[[0.0, 1152], [0.0, 1283], [0.0, 1414], [0.0, 1480], [0.0, 1546], [0.0, 1612], [0.0, 1679]]
[[0.0, 1349]]
[[0.0, 1153], [0.0, 1218], [0.0, 1284], [0.0, 1415], [0.0, 1481], [0.0, 1547], [0.0, 1613], [430.7834101382487, 1813], [556.4285714285714, 1746]]
[[0.0, 1088], [0.0, 1680], [287.18894009216575, 1881]]
[[0.0, 1219], [0.0, 1350], [0.0, 1416], [0.0, 1614], [107.69585253456218, 1950], [392.641129032258, 1814], [516.0426267281106, 1747]]
[[0.0, 1089], [0.0, 1154], [0.0, 1285], [0.0, 1482], [0.0, 1548]]
[[0.0, 1024], [0.0, 1220], [0.0, 1351], [610.2764976958525, 1681]]
[[0.0, 1090], [0.0, 1155], [0.0, 1286], [0.0, 1417], [0.0, 1483], [0.0, 1549], [0.0, 1615], [258.0213133640553, 1882], [478.648831797235, 1748]]
[[0.0, 1025], [366.4656520737326, 1815]]
[[0.0, 960], [0.0, 1221], [0.0, 1352], [568.3953755760368, 1682]]
[[0.0, 1156], [0.0, 1287], [0.0, 1418], [0.0, 1484], [0.0, 1616]]
[[0.0, 961], [0.0, 1026], [0.0, 1091], [0.0, 1353], [0.0, 1550]]
[[0.0, 896], [0.0, 1157], [0.0, 1222], [0.0, 1419], [448.732718894009, 1749]]
[[0.0, 1092], [0.0, 1288], [0.0, 1551], [0.0, 1617], [336.54953917050676, 1816], [532.870103686636, 1683]]
[[0.0, 832], [0.0, 897], [0.0, 962], [0.0, 1027], [0.0, 1223], [0.0, 1354], [0.0, 1485], [239.32351843317971, 1883]]
[[0.0, 1158], [0.0, 1420]]
[[0.0, 1028], [0.0, 1093], [0.0, 1289]]
[[0.0, 833], [0.0, 898], [0.0, 963], [0.0, 1159], [0.0, 1224], [0.0, 1355], [0.0, 1486], [0.0, 1552], [0.0, 1618], [418.81660599078344, 1750], [493.6059907834101, 1684]]
[[0.0, 1094], [0.0, 1290], [0.0, 1421]]
[[0.0, 769], [0.0, 1029], [0.0, 1487], [305.1382488479262, 1817]]
[[0.0, 834], [0.0, 899], [0.0, 964], [0.0, 1225], [0.0, 1356], [0.0, 1553], [376.9354838709677, 1751]]
[[0.0, 1095], [0.0, 1160]]
[[0.0, 770], [0.0, 835], [0.0, 900], [0.0, 965], [0.0, 1030], [0.0, 1226], [0.0, 1291], [0.0, 1422], [459.9510368663593, 1685], [553.4364216589862, 1619]]
[[0.0, 1488]]
[[0.0, 1096], [0.0, 1161], [0.0, 1554], [197.442396313364, 1884], [931.1203917050691, 1357]]
[[0.0, 706], [0.0, 771], [0.0, 836], [0.0, 901], [0.0, 966], [0.0, 1031], [0.0, 1292], [0.0, 1423], [516.0426267281106, 1620]]
[[0.0, 1227], [274.84879032258056, 1818], [350.0115207373272, 1752]]
[[0.0, 1097], [0.0, 1162], [0.0, 1358], [0.0, 1489], [430.7834101382487, 1686]]
[[0.0, 707], [0.0, 772], [0.0, 837], [0.0, 967], [0.0, 1032], [0.0, 1293]]
[[0.0, 902], [0.0, 1424], [0.0, 1555]]
[[0.0, 643], [0.0, 1163], [0.0, 1228], [478.648831797235, 1621]]
[[0.0, 708], [0.0, 773], [0.0, 1098], [0.0, 1359]]
[[0.0, 838], [0.0, 903], [0.0, 1033], [0.0, 1294], [0.0, 1490], [1735.1004447004611, 968]]
[[0.0, 644], [0.0, 1229], [0.0, 1425], [394.88479262672814, 1687]]
[[0.0, 709], [0.0, 774], [0.0, 839], [0.0, 1099], [0.0, 1164], [329.0700622119815, 1753], [538.4792626728109, 1556]]
[[0.0, 904], [0.0, 969], [0.0, 1034], [0.0, 1295], [0.0, 1360], [251.29032258064515, 1819]]
[]
[[0.0, 645], [0.0, 710], [0.0, 775], [0.0, 1100], [0.0, 1165], [0.0, 1230], [0.0, 1491], [457.70737327188925, 1622]]
[[0.0, 840], [0.0, 905], [0.0, 970], [0.0, 1035], [0.0, 1426]]
[[0.0, 1361], [168.27476958525335, 1885], [367.96082949308754, 1688], [508.56314976958515, 1557]]
[[0.0, 646], [0.0, 711], [0.0, 1296]]
[[0.0, 776], [0.0, 841], [0.0, 1231]]
[[0.0, 906], [0.0, 971], [0.0, 1036], [0.0, 1101], [0.0, 1166], [0.0, 1427], [0.0, 1492]]
[[0.0, 647], [0.0, 1362], [287.18894009216575, 1754], [426.29608294930864, 1623]]
[[0.0, 712], [0.0, 777]]
[[0.0, 842], [0.0, 907], [0.0, 972], [0.0, 1037], [0.0, 1167], [0.0, 1232], [0.0, 1297], [471.1693548387096, 1558]]
[[0.0, 1102]]
[[0.0, 648], [0.0, 713], [0.0, 778], [213.14804147465424, 1820], [344.0290161290323, 1689], [532.870103686636, 1493]]
[[0.0, 843], [0.0, 1428]]
[[0.0, 908], [0.0, 973], [0.0, 1103], [0.0, 1298], [0.0, 1363], [388.9022880184332, 1624]]
[[0.0, 649], [0.0, 1038], [0.0, 1168], [0.0, 1233]]
[[0.0, 714]]
[[0.0, 779], [0.0, 844], [269.23963133640547, 1755], [441.2532419354837, 1559]]
[[0.0, 650], [0.0, 909], [0.0, 974], [508.56314976958515, 1494]]
[[0.0, 715], [0.0, 1039], [0.0, 1104], [0.0, 1169], [0.0, 1234], [0.0, 1299], [560.9158986175114, 1429]]
[[0.0, 780], [0.0, 1364]]
[[0.0, 845], [0.0, 910], [314.1129032258063, 1690]]
[[0.0, 651], [0.0, 975]]
[[0.0, 716], [0.0, 1040]]
[[0.0, 781], [0.0, 1105], [0.0, 1170], [358.98617511520735, 1625], [418.81660599078344, 1560]]
[[0.0, 846], [0.0, 1300], [0.0, 1365], [471.1693548387096, 1495], [527.2609447004608, 1430], [735.921658986175, 1235]]
[[0.0, 652], [0.0, 911]]
[[0.0, 717], [0.0, 976]]
[[0.0, 782], [0.0, 1041], [0.0, 1106]]
[[0.0, 847], [0.0, 1171], [125.64516129032249, 1886]]
[[0.0, 653], [0.0, 1236], [197.442396313364, 1821]]
[[0.0, 718], [0.0, 912], [0.0, 1301]]
[[0.0, 783], [0.0, 977], [0.0, 1042], [287.18894009216575, 1691]]
[[0.0, 1366], [336.54953917050676, 1626], [441.2532419354837, 1496], [508.56314976958515, 1431]]
[[0.0, 654], [0.0, 848], [0.0, 1107], [246.8029953917051, 1756], [388.9022880184332, 1561]]
[[0.0, 719], [0.0, 1172]]
[[0.0, 1237]]
[[0.0, 784], [0.0, 913], [0.0, 978]]
[[0.0, 655], [0.0, 849], [0.0, 1043], [0.0, 1302]]
[[538.4792626728109, 1367]]
[[0.0, 720], [0.0, 914], [0.0, 1108], [471.1693548387096, 1432]]
[[0.0, 1173]]
[[0.0, 656], [0.0, 785], [0.0, 979], [418.81660599078344, 1497]]
[[0.0, 850], [0.0, 1044], [0.0, 1238]]
[[0.0, 721], [367.96082949308754, 1562]]
[[0.0, 915], [0.0, 1109], [0.0, 1303]]
[]
[[0.0, 657], [0.0, 786], [0.0, 980], [0.0, 1174], [314.1129032258063, 1627], [516.0426267281106, 1368]]
[]
[[0.0, 722], [0.0, 851], [0.0, 1045], [0.0, 1239], [269.23963133640547, 1692], [448.732718894009, 1433]]
[[0.0, 916]]
[[0.0, 787], [370.20449308755764, 1304]]
[[0.0, 658], [0.0, 1110], [392.641129032258, 1498]]
[[0.0, 981]]
[[0.0, 723], [0.0, 852], [0.0, 1175], [224.36635944700456, 1757]]
[[0.0, 1046], [487.996831797235, 1369]]
[[0.0, 788], [0.0, 917], [344.0290161290323, 1563]]
[[0.0, 659], [0.0, 1240]]
[[0.0, 1111]]
[[0.0, 724], [0.0, 853], [0.0, 982], [426.29608294930864, 1434]]
[[302.89458525345617, 1628], [530.9997857142857, 1305]]
[[0.0, 1176]]
[[0.0, 660], [0.0, 789], [0.0, 918], [0.0, 1047]]
[[179.4930875576037, 1822], [373.94333410138245, 1499]]
[[0.0, 725], [466.6820276497696, 1370]]
[[0.0, 854], [0.0, 983], [0.0, 1112], [0.0, 1241]]
[]
[[0.0, 661], [0.0, 790]]
[[0.0, 919], [246.8029953917051, 1693]]
[[0.0, 1048], [0.0, 1177], [329.0700622119815, 1564], [418.81660599078344, 1435], [516.0426267281106, 1306]]
[[0.0, 726]]
[[0.0, 855]]
[[0.0, 662], [0.0, 984], [305.1382488479262, 1830]]
[[0.0, 791], [0.0, 1113]]
[[0.0, 920], [448.732718894009, 1371], [547.4539170506913, 1242]]
[[0.0, 727]]
[[0.0, 1049]]
[[0.0, 663], [0.0, 856], [363.47350230414736, 1500]]
[[0.0, 985], [0.0, 1178], [282.7016129032257, 1629]]
[[0.0, 792], [209.4092004608294, 1758], [493.6059907834101, 1307]]
[[0.0, 1114]]
[[0.0, 728], [0.0, 921]]
[[403.85944700460834, 1436]]
[[0.0, 664], [0.0, 857], [0.0, 1050], [532.870103686636, 1243]]
[[0.0, 600], [314.1129032258063, 1565]]
[[0.0, 793], [0.0, 1179], [437.51440092165893, 1372]]
[[0.0, 986]]
[[0.0, 729]]
[[0.0, 665], [0.0, 922]]
[[0.0, 1115], [107.69585253456218, 1887], [239.32351843317971, 1694], [347.7678571428572, 1501], [471.1693548387096, 1308]]
[[0.0, 601], [0.0, 858]]
[[0.0, 794], [0.0, 1051]]
[[520.5299539170506, 1244]]
[[0.0, 730], [0.0, 987]]
[[0.0, 666], [381.4228110599077, 1437]]
[[0.0, 923], [0.0, 1180]]
[[0.0, 602]]
[[0.0, 795], [0.0, 1116], [269.23963133640547, 1630], [875.0288018433179, 859]]
[[430.7834101382487, 1373]]
[[0.0, 731], [0.0, 1052], [471.1693548387096, 1309]]
[[0.0, 667], [0.0, 988]]
[[314.1129032258063, 1566]]
[[0.0, 603], [0.0, 924], [516.0426267281106, 1245]]
[[0.0, 860]]
[[0.0, 1181], [161.54377880184322, 1823]]
[[0.0, 732], [0.0, 796], [0.0, 1117], [341.0368663594469, 1502]]
[]
[[0.0, 604], [0.0, 668], [0.0, 1053]]
[[0.0, 989], [381.4228110599077, 1438]]
[[0.0, 925], [418.81660599078344, 1374]]
[[0.0, 861], [459.9510368663593, 1310]]
[[0.0, 797], [197.442396313364, 1759], [239.32351843317971, 1695]]
[[0.0, 669], [0.0, 733]]
[[0.0, 605], [508.56314976958515, 1246]]
[[0.0, 1118], [0.0, 1182]]
[[0.0, 1054]]
[[0.0, 990]]
[[0.0, 862], [0.0, 926]]
[[0.0, 734], [0.0, 798], [264.7523041474655, 1631]]
[[0.0, 606], [0.0, 670], [305.1382488479262, 1567], [336.54953917050676, 1503]]
[]
[[376.9354838709677, 1439]]
[[418.81660599078344, 1375]]
[[459.9510368663593, 1311]]
[[0.0, 927], [0.0, 991], [0.0, 1055], [0.0, 1119], [0.0, 1183], [508.56314976958515, 1247]]
[[0.0, 607], [0.0, 671], [0.0, 735], [0.0, 799], [0.0, 863]]
[]
[]
[]
[]
[]
[[0.0, 608], [0.0, 672], [0.0, 736], [0.0, 800]]
[[0.0, 864], [0.0, 928], [0.0, 1056], [0.0, 1120]]
[[0.0, 992], [0.0, 1184]]
[[418.81660599078344, 1376], [459.9510368663593, 1312], [508.56314976958515, 1248]]
[[376.9354838709677, 1440]]
[]
[[0.0, 609], [336.54953917050676, 1504]]
[[0.0, 673], [0.0, 737], [0.0, 801], [305.1382488479262, 1568]]
[[0.0, 865], [0.0, 929], [264.7523041474655, 1632]]
[[0.0, 993], [0.0, 1057], [239.32351843317971, 1696]]
[[0.0, 1121]]
[[0.0, 1185]]
[]
[[0.0, 610], [0.0, 674], [0.0, 738], [197.442396313364, 1760], [508.56314976958515, 1249]]
[[0.0, 802], [459.9510368663593, 1313]]
[[0.0, 866]]
[[0.0, 930], [424.5011520737328, 1377]]
[[0.0, 994]]
[[0.0, 611], [0.0, 1058], [376.9354838709677, 1441]]
[[0.0, 675], [0.0, 1122]]
[[0.0, 739], [164.53592857142846, 1824], [341.0368663594469, 1505]]
[[0.0, 803], [0.0, 1186]]
[[0.0, 867]]
[[0.0, 931], [302.89458525345617, 1569], [516.0426267281106, 1250]]
[[0.0, 612], [0.0, 995]]
[[0.0, 676]]
[[0.0, 740], [0.0, 1059], [471.1693548387096, 1314]]
[[0.0, 804]]
[[0.0, 1123], [269.23963133640547, 1633], [426.29608294930864, 1378]]
[[0.0, 868], [0.0, 1187]]
[[0.0, 613], [0.0, 932]]
[[0.0, 677], [388.9022880184332, 1442]]
[[0.0, 741], [0.0, 996]]
[[516.0426267281106, 1251]]
[[0.0, 805], [0.0, 1060]]
[[0.0, 614], [0.0, 869]]
[[0.0, 678], [0.0, 1124], [347.7678571428572, 1506], [471.1693548387096, 1315]]
[[0.0, 933], [239.32351843317971, 1697]]
[[0.0, 742], [112.18317972350223, 1888]]
[[0.0, 997], [0.0, 1188], [439.75806451612897, 1379]]
[[0.0, 806], [314.1129032258063, 1570]]
[[0.0, 615]]
[[0.0, 679], [0.0, 870], [0.0, 1061]]
[[403.85944700460834, 1443], [538.4792626728109, 1252]]
[[0.0, 743], [0.0, 934], [0.0, 1125]]
[]
[[0.0, 616], [0.0, 807], [0.0, 998], [201.929723502304, 1761], [493.6059907834101, 1316]]
[]
[[0.0, 680], [0.0, 871], [0.0, 1189], [280.45794930875564, 1634]]
[[0.0, 1062], [358.98617511520735, 1507]]
[[0.0, 744]]
[[0.0, 617], [0.0, 935], [439.75806451612897, 1380]]
[[0.0, 808], [0.0, 1253]]
[[0.0, 681], [0.0, 999], [0.0, 1126]]
[[0.0, 872]]
[[418.81660599078344, 1444]]
[[0.0, 618], [0.0, 745], [0.0, 1063], [0.0, 1190], [508.56314976958515, 1317]]
[[0.0, 936], [329.0700622119815, 1571]]
[[0.0, 682], [0.0, 809], [246.8029953917051, 1698]]
[[0.0, 1127], [0.0, 1254], [179.4930875576037, 1825]]
[[0.0, 1000], [466.6820276497696, 1381]]
[[0.0, 619], [0.0, 746], [0.0, 873], [376.9354838709677, 1508]]
[]
[[0.0, 810], [0.0, 937], [0.0, 1064], [0.0, 1191], [433.77555990783407, 1445]]
[[0.0, 683], [527.2609447004608, 1318]]
[]
[[0.0, 620], [0.0, 747], [0.0, 874], [0.0, 1001], [291.67626728110605, 1635]]
[[0.0, 1128]]
[[0.0, 1255]]
[[0.0, 684], [0.0, 811], [0.0, 938], [0.0, 1065], [224.36635944700456, 1762], [341.0368663594469, 1572], [493.6059907834101, 1382]]
[]
[[0.0, 621], [0.0, 748], [0.0, 875], [0.0, 1192]]
[[0.0, 1002]]
[[0.0, 685], [0.0, 1129], [0.0, 1319], [398.250288018433, 1509]]
[[0.0, 812]]
[[0.0, 939]]
[[0.0, 622], [0.0, 749], [0.0, 1066], [0.0, 1256], [269.23963133640547, 1699], [454.3418778801842, 1446]]
[[0.0, 876]]
[[0.0, 686], [0.0, 1003], [0.0, 1193], [314.1129032258063, 1636], [504.8243087557603, 1383]]
[[0.0, 813], [0.0, 1130]]
[[0.0, 623], [0.0, 940], [0.0, 1320]]
[[0.0, 750], [0.0, 1067], [367.96082949308754, 1573]]
[[0.0, 877], [426.29608294930864, 1510]]
[[0.0, 687], [0.0, 1004], [0.0, 1257]]
[[0.0, 814], [0.0, 1194], [478.648831797235, 1447]]
[[0.0, 624], [0.0, 751], [0.0, 941]]
[[0.0, 1131], [538.4792626728109, 1384]]
[[0.0, 688], [0.0, 878], [0.0, 1068]]
[[0.0, 815], [0.0, 1321], [194.45024654377875, 1826]]
[[0.0, 625], [0.0, 1005], [0.0, 1195], [0.0, 1258], [246.8029953917051, 1763]]
[[0.0, 752], [0.0, 942], [284.1967903225805, 1700]]
[[0.0, 689], [0.0, 879], [0.0, 1132], [341.0368663594469, 1637], [388.9022880184332, 1574]]
[[0.0, 1069], [448.732718894009, 1511], [516.0426267281106, 1448]]
[[0.0, 626], [0.0, 816], [0.0, 1006], [0.0, 1385], [119.66265668202759, 1889]]
[[0.0, 753], [0.0, 1322]]
[[0.0, 690], [0.0, 943], [0.0, 1259]]
[[0.0, 627], [0.0, 880], [0.0, 1133], [0.0, 1196]]
[[0.0, 817], [0.0, 1070]]
[[0.0, 754], [0.0, 1007]]
[[0.0, 691], [0.0, 1323], [0.0, 1386], [532.870103686636, 1449]]
[[0.0, 881], [0.0, 944]]
[[0.0, 628], [0.0, 818], [0.0, 1134], [0.0, 1197], [0.0, 1260], [358.98617511520735, 1638], [418.81660599078344, 1575], [471.1693548387096, 1512]]
[[0.0, 755], [0.0, 1071]]
[[0.0, 692], [0.0, 945], [0.0, 1008], [308.5037442396312, 1701]]
[[0.0, 882]]
[[0.0, 629], [0.0, 819]]
[[0.0, 693], [0.0, 756], [0.0, 1009], [0.0, 1135], [0.0, 1198], [0.0, 1261], [0.0, 1324], [0.0, 1387]]
[[0.0, 1072], [0.0, 1450], [263.63047235023026, 1764], [508.56314976958515, 1513]]
[[0.0, 630], [0.0, 883], [0.0, 946], [445.9290368663594, 1576]]
[[0.0, 757], [0.0, 820], [0.0, 1639]]
[[0.0, 1199], [822.6760529953916, 1262]]
[[0.0, 631], [0.0, 694], [0.0, 947], [0.0, 1010], [0.0, 1073], [0.0, 1136], [0.0, 1325], [0.0, 1388]]
[[0.0, 758], [0.0, 821], [0.0, 884], [215.3917050691244, 1827]]
[[0.0, 1451], [336.54953917050676, 1702], [527.2609447004608, 1514]]
[[0.0, 695]]
[[0.0, 632], [0.0, 1011], [0.0, 1074], [0.0, 1137], [0.0, 1200], [0.0, 1263], [471.1693548387096, 1577]]
[[0.0, 759], [0.0, 822], [0.0, 885], [0.0, 948], [0.0, 1326]]
[[0.0, 696], [0.0, 1389], [287.18894009216575, 1765], [426.29608294930864, 1640]]
[[0.0, 633], [0.0, 1452]]
[[0.0, 823], [0.0, 886], [0.0, 949], [0.0, 1012], [0.0, 1075], [0.0, 1138], [0.0, 1201], [0.0, 1264], [0.0, 1515]]
[[0.0, 760], [0.0, 1327], [179.4930875576037, 1890]]
[[0.0, 634], [0.0, 697], [0.0, 1390], [364.59533410138243, 1703], [508.56314976958515, 1578]]
[[0.0, 887], [0.0, 950], [0.0, 1076]]
[[0.0, 761], [0.0, 824], [0.0, 1013], [0.0, 1139], [0.0, 1202], [0.0, 1265], [0.0, 1453]]
[[0.0, 698], [0.0, 1328], [0.0, 1516], [448.732718894009, 1641]]
[]
[[0.0, 699], [0.0, 762], [0.0, 825], [0.0, 888], [0.0, 951], [0.0, 1014], [0.0, 1077], [0.0, 1140], [0.0, 1391], [246.8029953917051, 1828]]
[[0.0, 1203], [0.0, 1266], [0.0, 1454], [329.0700622119815, 1766]]
[[0.0, 1329], [381.4228110599077, 1704], [538.4792626728109, 1579]]
[[0.0, 700], [0.0, 763], [0.0, 826], [0.0, 889], [0.0, 952], [0.0, 1015], [0.0, 1078], [0.0, 1517], [478.648831797235, 1642]]
[[0.0, 1141], [0.0, 1392]]
[[0.0, 1204], [0.0, 1267], [0.0, 1455]]
[[0.0, 764], [0.0, 827], [0.0, 890], [0.0, 953], [0.0, 1016], [0.0, 1079], [0.0, 1330], [0.0, 1580]]
[[0.0, 1142], [0.0, 1205], [0.0, 1393], [0.0, 1518], [280.45794930875564, 1829], [347.7678571428572, 1767]]
[[0.0, 1268], [430.7834101382487, 1705], [508.56314976958515, 1643]]
[[0.0, 765], [0.0, 828], [0.0, 891], [0.0, 954], [0.0, 1017], [0.0, 1456]]
[[0.0, 1080], [0.0, 1143], [0.0, 1206], [0.0, 1331], [0.0, 1581]]
[[0.0, 1394]]
[[0.0, 829], [0.0, 892], [0.0, 955], [0.0, 1018], [0.0, 1081], [0.0, 1269], [0.0, 1519], [201.929723502304, 1891]]
[[0.0, 1144], [0.0, 1332], [0.0, 1457], [0.0, 1644], [381.4228110599077, 1768], [466.6820276497696, 1706]]
[[0.0, 1207], [0.0, 1395], [0.0, 1582]]
[[0.0, 830], [0.0, 893], [0.0, 956], [0.0, 1019], [0.0, 1082], [0.0, 1270], [0.0, 1333], [0.0, 1520]]
[[0.0, 1145], [0.0, 1458]]
[[0.0, 894], [0.0, 957], [0.0, 1020], [0.0, 1208], [0.0, 1271], [0.0, 1396], [0.0, 1583], [0.0, 1645], [493.6059907834101, 1707]]
[[0.0, 1083], [418.81660599078344, 1769]]
[[0.0, 1146], [0.0, 1334], [0.0, 1521]]
[[0.0, 895], [0.0, 958], [0.0, 1021], [0.0, 1209], [0.0, 1272], [0.0, 1397], [0.0, 1459], [0.0, 1646]]
[[0.0, 1084], [0.0, 1147], [0.0, 1584], [224.36635944700456, 1892], [341.0368663594469, 1831]]
[[0.0, 1210], [0.0, 1335], [0.0, 1460], [0.0, 1522], [532.870103686636, 1708]]
[[0.0, 959], [0.0, 1022], [0.0, 1085], [0.0, 1273], [0.0, 1398], [448.732718894009, 1770]]
[[0.0, 1148], [0.0, 1647], [1.1846543778801135, 1585]]
[[0.0, 1023], [0.0, 1086], [0.0, 1211], [0.0, 1274], [0.0, 1336], [0.0, 1461], [0.0, 1523], [0.0, 1709]]
[[0.0, 1149], [0.0, 1399], [364.5504608294931, 1832]]
[[0.0, 1212], [0.0, 1337], [0.0, 1524], [0.0, 1586], [0.0, 1648], [471.1693548387096, 1771]]
[[0.0, 1087], [0.0, 1275], [0.0, 1400], [0.0, 1462], [0.0, 1710]]
[[0.0, 1150], [260.2649769585254, 1893]]
[[0.0, 1213], [0.0, 1276], [0.0, 1338], [0.0, 1401], [0.0, 1463], [0.0, 1525], [0.0, 1587], [0.0, 1649], [516.0426267281106, 1772]]
[[0.0, 1151], [0.0, 1711], [394.88479262672814, 1833]]
[[0.0, 1214], [0.0, 1339], [0.0, 1464], [0.0, 1588], [107.69585253456218, 1953], [287.18894009216575, 1894], [1106.8746382488478, 1526]]
[[0.0, 1277], [0.0, 1402], [0.0, 1650], [0.0, 1773], [430.7834101382487, 1834]]
[[0.0, 1215], [0.0, 1340], [0.0, 1712]]
[[0.0, 1278], [0.0, 1403], [0.0, 1465], [0.0, 1527], [0.0, 1589], [0.0, 1651], [0.0, 1774], [323.0875576036866, 1895]]
[[0.0, 1341], [0.0, 1713]]
[[0.0, 1279], [0.0, 1404], [0.0, 1466], [0.0, 1528], [0.0, 1590], [0.0, 1652], [471.1693548387096, 1835]]
[[0.0, 1342], [0.0, 1714], [0.0, 1775], [358.98617511520735, 1896], [508.56314976958515, 1836]]
[[0.0, 1529]]
[[0.0, 1343], [0.0, 1405], [0.0, 1467], [0.0, 1591], [0.0, 1653]]
[[0.0, 1468], [0.0, 1530], [0.0, 1592], [0.0, 1715], [0.0, 1776]]
[[0.0, 1406], [0.0, 1654], [161.54377880184322, 1954], [388.9022880184332, 1897], [538.4792626728109, 1837]]
[[0.0, 1469], [0.0, 1531], [0.0, 1716], [0.0, 1777], [0.0, 1838], [201.929723502304, 1955], [1337.2235023041474, 1593]]
[[0.0, 1407], [0.0, 1655]]
[[0.0, 1470], [0.0, 1532], [0.0, 1594], [0.0, 1656], [0.0, 1717], [0.0, 1778], [0.0, 1839], [224.36635944700456, 1956], [426.29608294930864, 1898]]
[[0.0, 1779]]
[[0.0, 1471], [0.0, 1595], [0.0, 1657], [0.0, 1718], [0.0, 1840], [459.9510368663593, 1899], [1965.4493087557598, 1533]]
[[493.6059907834101, 1900]]
[[0.0, 1534], [0.0, 1596], [0.0, 1719], [0.0, 1780]]
[[0.0, 1535], [0.0, 1597], [0.0, 1658], [0.0, 1720], [0.0, 1781], [0.0, 1841], [254.2824723502303, 1957], [527.2609447004608, 1901]]
[[0.0, 1842], [287.18894009216575, 1958]]
[[0.0, 1598], [0.0, 1659], [0.0, 1721], [0.0, 1782], [0.0, 1902], [314.1129032258063, 1959]]
[[0.0, 1660], [0.0, 1843], [0.0, 1903], [350.0115207373272, 1960]]
[[0.0, 1599], [0.0, 1661], [0.0, 1722], [0.0, 1783], [0.0, 1844]]
[[0.0, 1723], [0.0, 1784], [0.0, 1845], [0.0, 1904], [381.4228110599077, 1961]]
[[0.0, 1662], [0.0, 1905], [418.81660599078344, 1962]]
[[0.0, 1724], [0.0, 1785], [0.0, 1846], [0.0, 1906], [448.732718894009, 1963]]
[[0.0, 1663], [0.0, 1725], [0.0, 1786], [0.0, 1847], [0.0, 1907], [488.6196728110598, 1964]]
[[0.0, 1787], [520.5299539170506, 1965]]
[[0.0, 1726], [0.0, 1788], [0.0, 1848], [0.0, 1908], [0.0, 1966]]
[[0.0, 1727], [0.0, 1849], [0.0, 1909], [0.0, 1967]]
[[0.0, 1789], [0.0, 1850], [0.0, 1910], [0.0, 1968]]
[[0.0, 1911], [0.0, 1969], [0.0, 1970]]
[[0.0, 1790], [0.0, 1851]]
[[0.0, 1791], [0.0, 1852], [0.0, 1912], [0.0, 1913], [0.0, 1971], [0.0, 1972]]
[[0.0, 1853], [0.0, 1973]]
[[0.0, 1854], [0.0, 1914], [347.7678571428572, 2024], [381.4228110599077, 2025], [418.81660599078344, 2026], [448.732718894009, 2027], [482.3876728110599, 2028], [520.5299539170506, 2029]]
[[0.0, 1915], [0.0, 1974], [556.4285714285714, 2030]]
[[0.0, 1855], [0.0, 1916], [0.0, 1975], [0.0, 2031], [0.0, 2032]]
[[0.0, 1917], [0.0, 1976], [0.0, 1977], [0.0, 2033], [0.0, 2034], [254.2824723502303, 2021], [287.18894009216575, 2022], [314.1129032258063, 2023]]
[[0.0, 1918], [0.0, 1978], [0.0, 2035]]
[[0.0, 1919], [0.0, 1979], [0.0, 2036], [0.0, 2037], [224.36635944700456, 2020]]
[[0.0, 1980], [0.0, 2038], [0.0, 2039]]
[[0.0, 1981], [0.0, 2040]]
[[0.0, 1982], [0.0, 2041], [0.0, 2042]]
[[0.0, 2043], [0.0, 2094], [0.0, 2095], [0.0, 2096], [0.0, 2097], [520.5299539170506, 2093]]
[[0.0, 2044], [0.0, 2098], [0.0, 2099], [0.0, 2100], [194.45024654377875, 2019], [448.732718894009, 2091], [482.3876728110599, 2092]]
[[0.0, 2045], [0.0, 2101], [0.0, 2102], [418.81660599078344, 2090]]
[[0.0, 2046], [0.0, 2103], [0.0, 2104]]
[[0.0, 1983], [0.0, 2047], [0.0, 2105], [0.0, 2106], [0.0, 2107], [0.0, 2109], [381.4228110599077, 2089]]
[[0.0, 2108], [351.506698156682, 2088]]
[[0.0, 2110]]
[[0.0, 2111], [0.0, 2159], [0.0, 2160], [0.0, 2161], [0.0, 2162], [0.0, 2163], [0.0, 2164], [0.0, 2165], [0.0, 2166], [0.0, 2167], [0.0, 2168]]
[[0.0, 2158], [0.0, 2169], [329.0700622119815, 2087]]
[[0.0, 2170], [0.0, 2171], [0.0, 2172], [520.5299539170506, 2157]]
[[0.0, 2173], [0.0, 2174], [493.6059907834101, 2156]]
[[0.0, 2175], [287.18894009216575, 2086], [454.3418778801842, 2155]]
[[0.0, 2229], [0.0, 2230], [0.0, 2231], [0.0, 2232], [0.0, 2233]]
[[0.0, 2227], [0.0, 2228], [0.0, 2234], [0.0, 2235], [0.0, 2236]]
[[0.0, 2224], [0.0, 2225], [0.0, 2226], [0.0, 2237], [0.0, 2238], [0.0, 2239], [164.53592857142846, 2018], [418.81660599078344, 2154]]
[[0.0, 2223], [258.0213133640553, 2085], [388.9022880184332, 2153]]
[[0.0, 2222]]
[[0.0, 2293], [0.0, 2294], [0.0, 2295], [0.0, 2296], [0.0, 2297], [0.0, 2298], [0.0, 2300], [532.870103686636, 2221]]
[[0.0, 2291], [0.0, 2292], [0.0, 2299], [0.0, 2301], [358.98617511520735, 2152]]
[[0.0, 2289], [0.0, 2290], [0.0, 2302], [493.6059907834101, 2220]]
[[0.0, 2303]]
[[0.0, 2288], [463.6898778801843, 2219]]
[[0.0, 2287]]
[]
[[0.0, 2218], [0.0, 2286], [336.54953917050676, 2151]]
[[224.36635944700456, 2084], [358.98617511520735, 2285]]
[]
[[0.0, 2217], [305.1382488479262, 2150], [508.56314976958515, 2284]]
[]
[]
[[367.96082949308754, 2216], [471.1693548387096, 2283]]
[[119.66265668202759, 2017]]
[]
[]
[[201.929723502304, 2083], [269.23963133640547, 2149]]
[]
[[341.0368663594469, 2215]]
[[418.81660599078344, 2281]]
[]
[]
[]
[[381.4228110599077, 2280]]
[]
[[314.1129032258063, 2214]]
[]
[[299.1557442396312, 2148]]
[[179.4930875576037, 2082]]
[]
[[358.98617511520735, 2279]]
[]
[]
[[287.18894009216575, 2213]]
[]
[]
[]
[[341.0368663594469, 2278]]
[[224.36635944700456, 2147]]
[]
[[260.2649769585254, 2212]]
[]
[]
[]
[]
[]
[[314.1129032258063, 2277]]
[]

